    ORGC   365    24  1990     1     1  0.520046E+03  0.457552E+03  0.177832E+04  0.264370E+04  0.205635E+04  0.103824E+04  0.626521E+03  0.443631E+03  0.490424E+03  0.504942E+03  0.654428E+03  0.429927E+03  0.119422E+03
    ORGC   365    24  1991     1     1  0.705004E+03  0.445869E+03  0.172023E+04  0.247233E+04  0.216844E+04  0.107086E+04  0.655576E+03  0.461235E+03  0.473588E+03  0.508947E+03  0.649428E+03  0.428365E+03  0.128259E+03
    ORGC   365    24  1992     1     1  0.921230E+03  0.436944E+03  0.165701E+04  0.232325E+04  0.227340E+04  0.109179E+04  0.691958E+03  0.479669E+03  0.458738E+03  0.511698E+03  0.643933E+03  0.425976E+03  0.136548E+03
    ORGC   365    24  1993     1     1  0.110174E+04  0.425557E+03  0.160335E+04  0.220162E+04  0.232805E+04  0.113241E+04  0.733565E+03  0.497879E+03  0.446840E+03  0.514089E+03  0.639722E+03  0.425088E+03  0.145735E+03
    ORGC   365    24  1994     1     1  0.127718E+04  0.417452E+03  0.155231E+04  0.210589E+04  0.238565E+04  0.115870E+04  0.769604E+03  0.515258E+03  0.437458E+03  0.515152E+03  0.635368E+03  0.423452E+03  0.153257E+03
    ORGC   365    24  1995     1     1  0.149347E+04  0.409182E+03  0.150601E+04  0.202511E+04  0.241519E+04  0.119098E+04  0.804358E+03  0.530598E+03  0.430626E+03  0.515586E+03  0.631838E+03  0.422610E+03  0.160071E+03
    ORGC   365    24  1996     1     1  0.169775E+04  0.401497E+03  0.146138E+04  0.199016E+04  0.242002E+04  0.121118E+04  0.837987E+03  0.546420E+03  0.424967E+03  0.515358E+03  0.628079E+03  0.421529E+03  0.166077E+03
    ORGC   365    24  1997     1     1  0.191512E+04  0.394340E+03  0.141158E+04  0.189397E+04  0.245264E+04  0.125512E+04  0.881377E+03  0.565587E+03  0.419683E+03  0.515419E+03  0.626228E+03  0.420989E+03  0.174027E+03
    ORGC   365    24  1998     1     1  0.212330E+04  0.390729E+03  0.137128E+04  0.184300E+04  0.246022E+04  0.128426E+04  0.919179E+03  0.584531E+03  0.415793E+03  0.514871E+03  0.624001E+03  0.419946E+03  0.180535E+03
    ORGC   365    24  1999     1     1  0.230806E+04  0.392760E+03  0.133884E+04  0.178837E+04  0.246271E+04  0.132032E+04  0.960205E+03  0.604627E+03  0.413349E+03  0.514467E+03  0.622278E+03  0.419671E+03  0.187525E+03
    ORGC   365    24  2000     1     1  0.249475E+04  0.396029E+03  0.131042E+04  0.174860E+04  0.247316E+04  0.134293E+04  0.992088E+03  0.623144E+03  0.411693E+03  0.513612E+03  0.620091E+03  0.418781E+03  0.193048E+03
    ORGC   365    24  2001     1     1  0.264456E+04  0.401952E+03  0.128924E+04  0.170957E+04  0.246570E+04  0.137965E+04  0.102772E+04  0.642676E+03  0.411186E+03  0.513138E+03  0.618592E+03  0.418816E+03  0.199352E+03
    ORGC   365    24  2002     1     1  0.278023E+04  0.410124E+03  0.127249E+04  0.167895E+04  0.247244E+04  0.140378E+04  0.105575E+04  0.659798E+03  0.411151E+03  0.512471E+03  0.616887E+03  0.418331E+03  0.204243E+03
    ORGC   365    24  2003     1     1  0.290098E+04  0.416391E+03  0.126266E+04  0.165327E+04  0.246389E+04  0.142353E+04  0.108701E+04  0.673325E+03  0.412500E+03  0.511875E+03  0.615579E+03  0.418089E+03  0.208983E+03
    ORGC   365    24  2004     1     1  0.300760E+04  0.421192E+03  0.124682E+04  0.165592E+04  0.244703E+04  0.143078E+04  0.111674E+04  0.688411E+03  0.413026E+03  0.511024E+03  0.612584E+03  0.418456E+03  0.213188E+03
    ORGC   365    24  2005     1     1  0.313661E+04  0.415055E+03  0.122785E+04  0.160377E+04  0.244864E+04  0.145663E+04  0.115253E+04  0.707002E+03  0.414818E+03  0.510743E+03  0.610482E+03  0.419867E+03  0.219324E+03
    ORGC   365    24  2006     1     1  0.325623E+04  0.416212E+03  0.121448E+04  0.157897E+04  0.242918E+04  0.148179E+04  0.118539E+04  0.723814E+03  0.417841E+03  0.510581E+03  0.608577E+03  0.421116E+03  0.224949E+03
    ORGC   365    24  2007     1     1  0.337045E+04  0.414679E+03  0.120085E+04  0.155787E+04  0.243533E+04  0.149408E+04  0.120659E+04  0.738759E+03  0.420395E+03  0.510120E+03  0.606246E+03  0.421691E+03  0.229121E+03
    ORGC   365    24  2008     1     1  0.348169E+04  0.416224E+03  0.118977E+04  0.153965E+04  0.241656E+04  0.151702E+04  0.123401E+04  0.755430E+03  0.423835E+03  0.510204E+03  0.604686E+03  0.422844E+03  0.234259E+03
    ORGC   365    24  2009     1     1  0.358734E+04  0.422325E+03  0.118248E+04  0.152504E+04  0.242584E+04  0.152557E+04  0.125217E+04  0.769536E+03  0.426630E+03  0.509990E+03  0.602677E+03  0.423277E+03  0.237773E+03
    ORGC   365    24  2010     1     1  0.367581E+04  0.422678E+03  0.117761E+04  0.150809E+04  0.241399E+04  0.153810E+04  0.127851E+04  0.783151E+03  0.429146E+03  0.510069E+03  0.602323E+03  0.423299E+03  0.241845E+03
    ORGC   365    24  2011     1     1  0.374617E+04  0.428336E+03  0.116681E+04  0.151942E+04  0.239615E+04  0.153715E+04  0.130151E+04  0.798102E+03  0.431678E+03  0.509878E+03  0.601272E+03  0.422834E+03  0.245141E+03
    ORGC   365    24  2012     1     1  0.384234E+04  0.425380E+03  0.117273E+04  0.150807E+04  0.237666E+04  0.154574E+04  0.131348E+04  0.807407E+03  0.433279E+03  0.509818E+03  0.600912E+03  0.422465E+03  0.247232E+03
    ORGC   365    24  2013     1     1  0.395792E+04  0.420789E+03  0.114569E+04  0.145588E+04  0.236121E+04  0.158211E+04  0.135254E+04  0.828769E+03  0.438647E+03  0.511442E+03  0.601668E+03  0.424154E+03  0.254196E+03
    ORGC   365    24  2014     1     1  0.403633E+04  0.422094E+03  0.113936E+04  0.144568E+04  0.237228E+04  0.157794E+04  0.137566E+04  0.847661E+03  0.444105E+03  0.511981E+03  0.600343E+03  0.424209E+03  0.258481E+03
    ORGC   365    24  2015     1     1  0.410254E+04  0.432878E+03  0.116492E+04  0.146420E+04  0.234214E+04  0.156025E+04  0.138562E+04  0.861109E+03  0.448321E+03  0.512048E+03  0.598715E+03  0.423544E+03  0.260661E+03
    ORGC   365    24  2016     1     1  0.419069E+04  0.431232E+03  0.112881E+04  0.144970E+04  0.234013E+04  0.157882E+04  0.140701E+04  0.872593E+03  0.453308E+03  0.513313E+03  0.599093E+03  0.424261E+03  0.264623E+03
    ORGC   365    24  2017     1     1  0.425302E+04  0.453350E+03  0.115086E+04  0.143379E+04  0.231864E+04  0.157960E+04  0.141704E+04  0.878551E+03  0.456159E+03  0.513584E+03  0.598715E+03  0.423794E+03  0.265706E+03
    ORGC   365    24  2018     1     1  0.434325E+04  0.455873E+03  0.112734E+04  0.141244E+04  0.232903E+04  0.160221E+04  0.143322E+04  0.884915E+03  0.460398E+03  0.515299E+03  0.600880E+03  0.424715E+03  0.269293E+03
