    ORGN   365    24  1990     1     1  0.365987E+01  0.710280E+02  0.281016E+03  0.449961E+03  0.891391E+03  0.344889E+03  0.131731E+03  0.846237E+02  0.936218E+02  0.964759E+02  0.127477E+03  0.838312E+02  0.232863E+02
    ORGN   365    24  1991     1     1  0.408808E+01  0.697558E+02  0.275145E+03  0.440782E+03  0.862237E+03  0.364221E+03  0.145656E+03  0.887222E+02  0.904177E+02  0.973347E+02  0.126384E+03  0.835192E+02  0.250100E+02
    ORGN   365    24  1992     1     1  0.475420E+01  0.689820E+02  0.269557E+03  0.431111E+03  0.840045E+03  0.374216E+03  0.162599E+03  0.933852E+02  0.876040E+02  0.979408E+02  0.125201E+03  0.830470E+02  0.266267E+02
    ORGN   365    24  1993     1     1  0.550146E+01  0.677716E+02  0.265114E+03  0.421990E+03  0.811830E+03  0.387969E+03  0.181156E+03  0.984847E+02  0.854337E+02  0.984537E+02  0.124283E+03  0.828664E+02  0.284179E+02
    ORGN   365    24  1994     1     1  0.656265E+01  0.671404E+02  0.260745E+03  0.413504E+03  0.794896E+03  0.394099E+03  0.196739E+03  0.103571E+03  0.838128E+02  0.986359E+02  0.123335E+03  0.825380E+02  0.298840E+02
    ORGN   365    24  1995     1     1  0.895916E+01  0.664630E+02  0.257111E+03  0.405610E+03  0.775812E+03  0.400978E+03  0.211202E+03  0.108340E+03  0.827273E+02  0.987377E+02  0.122487E+03  0.823656E+02  0.312118E+02
    ORGN   365    24  1996     1     1  0.116349E+02  0.656105E+02  0.253228E+03  0.405160E+03  0.757002E+03  0.402859E+03  0.224354E+03  0.113228E+03  0.818995E+02  0.987438E+02  0.121604E+03  0.820931E+02  0.323814E+02
    ORGN   365    24  1997     1     1  0.143512E+02  0.648859E+02  0.248531E+03  0.390133E+03  0.742083E+03  0.410992E+03  0.240456E+03  0.119179E+03  0.812432E+02  0.988070E+02  0.121123E+03  0.818387E+02  0.339277E+02
    ORGN   365    24  1998     1     1  0.163966E+02  0.644341E+02  0.244697E+03  0.383675E+03  0.726560E+03  0.413929E+03  0.253699E+03  0.124925E+03  0.808552E+02  0.987569E+02  0.120567E+03  0.815142E+02  0.351890E+02
    ORGN   365    24  1999     1     1  0.196006E+02  0.642010E+02  0.240991E+03  0.375477E+03  0.710935E+03  0.418371E+03  0.267164E+03  0.131008E+03  0.807962E+02  0.987468E+02  0.120122E+03  0.813587E+02  0.365408E+02
    ORGN   365    24  2000     1     1  0.210614E+02  0.641260E+02  0.237560E+03  0.369080E+03  0.700718E+03  0.419258E+03  0.277019E+03  0.136506E+03  0.808810E+02  0.986517E+02  0.119604E+03  0.810826E+02  0.376058E+02
    ORGN   365    24  2001     1     1  0.232109E+02  0.640992E+02  0.234452E+03  0.362273E+03  0.686082E+03  0.423691E+03  0.287562E+03  0.142354E+03  0.812443E+02  0.986502E+02  0.119240E+03  0.810012E+02  0.388190E+02
    ORGN   365    24  2002     1     1  0.241593E+02  0.642843E+02  0.231442E+03  0.356097E+03  0.678077E+03  0.425012E+03  0.295218E+03  0.147452E+03  0.816685E+02  0.986141E+02  0.118842E+03  0.808384E+02  0.397582E+02
    ORGN   365    24  2003     1     1  0.249616E+02  0.644585E+02  0.229238E+03  0.350780E+03  0.667050E+03  0.425268E+03  0.304005E+03  0.151893E+03  0.823470E+02  0.986012E+02  0.118507E+03  0.807223E+02  0.406670E+02
    ORGN   365    24  2004     1     1  0.252296E+02  0.643832E+02  0.226468E+03  0.351342E+03  0.655636E+03  0.422083E+03  0.311846E+03  0.156628E+03  0.829055E+02  0.985613E+02  0.117877E+03  0.807337E+02  0.414701E+02
    ORGN   365    24  2005     1     1  0.252523E+02  0.635539E+02  0.223149E+03  0.339773E+03  0.646791E+03  0.423845E+03  0.321810E+03  0.162733E+03  0.838697E+02  0.986775E+02  0.117427E+03  0.809487E+02  0.426449E+02
    ORGN   365    24  2006     1     1  0.269792E+02  0.632124E+02  0.220491E+03  0.334271E+03  0.634224E+03  0.425544E+03  0.330095E+03  0.168099E+03  0.850566E+02  0.988254E+02  0.117029E+03  0.811437E+02  0.437206E+02
    ORGN   365    24  2007     1     1  0.269087E+02  0.626468E+02  0.217444E+03  0.328863E+03  0.629169E+03  0.424422E+03  0.334981E+03  0.172834E+03  0.861746E+02  0.989068E+02  0.116554E+03  0.812156E+02  0.445143E+02
    ORGN   365    24  2008     1     1  0.284712E+02  0.623326E+02  0.214919E+03  0.324311E+03  0.617654E+03  0.426072E+03  0.341385E+03  0.177951E+03  0.874588E+02  0.991208E+02  0.116232E+03  0.814220E+02  0.454953E+02
    ORGN   365    24  2009     1     1  0.291032E+02  0.623557E+02  0.212553E+03  0.319986E+03  0.614173E+03  0.424421E+03  0.344842E+03  0.182105E+03  0.885705E+02  0.992554E+02  0.115824E+03  0.814917E+02  0.461628E+02
    ORGN   365    24  2010     1     1  0.297215E+02  0.620831E+02  0.210192E+03  0.315157E+03  0.605846E+03  0.423604E+03  0.350831E+03  0.186310E+03  0.894980E+02  0.994681E+02  0.115720E+03  0.814676E+02  0.469389E+02
    ORGN   365    24  2011     1     1  0.297567E+02  0.620828E+02  0.207652E+03  0.316256E+03  0.597139E+03  0.419388E+03  0.355561E+03  0.190651E+03  0.904464E+02  0.996362E+02  0.115510E+03  0.813540E+02  0.475634E+02
    ORGN   365    24  2012     1     1  0.297824E+02  0.614996E+02  0.207911E+03  0.313509E+03  0.589019E+03  0.418646E+03  0.357818E+03  0.193371E+03  0.910301E+02  0.997491E+02  0.115397E+03  0.812593E+02  0.479598E+02
    ORGN   365    24  2013     1     1  0.307298E+02  0.606866E+02  0.202438E+03  0.301119E+03  0.578452E+03  0.423387E+03  0.366795E+03  0.199612E+03  0.928548E+02  0.100362E+03  0.115566E+03  0.815573E+02  0.492899E+02
    ORGN   365    24  2014     1     1  0.318359E+02  0.602675E+02  0.199977E+03  0.297186E+03  0.576061E+03  0.418400E+03  0.370602E+03  0.204863E+03  0.946265E+02  0.100774E+03  0.115353E+03  0.815498E+02  0.501004E+02
    ORGN   365    24  2015     1     1  0.322727E+02  0.608002E+02  0.203437E+03  0.300722E+03  0.566821E+03  0.411015E+03  0.371213E+03  0.208550E+03  0.959315E+02  0.101032E+03  0.115064E+03  0.814004E+02  0.505058E+02
    ORGN   365    24  2016     1     1  0.325597E+02  0.602075E+02  0.196188E+03  0.295637E+03  0.561626E+03  0.412521E+03  0.375798E+03  0.212012E+03  0.974220E+02  0.101509E+03  0.115147E+03  0.815228E+02  0.512617E+02
    ORGN   365    24  2017     1     1  0.315282E+02  0.623050E+02  0.199321E+03  0.292264E+03  0.553825E+03  0.410064E+03  0.377052E+03  0.213520E+03  0.982456E+02  0.101683E+03  0.115058E+03  0.814181E+02  0.514639E+02
    ORGN   365    24  2018     1     1  0.327775E+02  0.611940E+02  0.193072E+03  0.285016E+03  0.552110E+03  0.413485E+03  0.380512E+03  0.215252E+03  0.993816E+02  0.102120E+03  0.115416E+03  0.815817E+02  0.521543E+02
